394969.862855 5819084.836787 1478009.00
394895.344903 5818811.149654 1478077.00
394850.737310 5818669.936428 1478109.00
394735.746816 5818409.797715 1478141.00
394607.217933 5818130.936123 1478174.00
394507.378795 5817998.158125 1478205.00
394267.139591 5817928.174968 1478237.00
394135.864828 5817875.770512 1478269.00
393832.523983 5817808.077220 1478302.00
393517.988319 5817740.645620 1478334.00
393332.780556 5817743.767324 1478350.00
393154.300128 5817757.615998 1478383.00
392967.419332 5817842.287872 1478417.00
392803.250826 5817922.848046 1478449.00
392674.515916 5817987.243341 1478481.00
