390675.905309 5819633.373722 2621347.00
390692.996471 5819508.023433 2621374.00
390708.177326 5819272.236209 2621401.00
390720.964564 5819133.398616 2621421.00
390733.871363 5818956.524492 2621437.00
390752.013267 5818754.177808 2621455.00
390747.305788 5818611.202746 2621489.00
390816.502570 5818331.650658 2621522.00
391040.765191 5818234.291135 2621556.00
391027.342816 5818481.809515 2621588.00
390957.451857 5818730.584471 2621620.00
390871.624139 5818840.258057 2621633.00
390858.485548 5818957.369169 2621643.00
