393959.757489 5817149.706491 1392307.00
393831.739740 5817338.114649 1392341.00
393571.175586 5817498.614085 1392373.00
393310.470486 5817658.225496 1392405.00
392974.540156 5817820.399069 1392440.00
392732.135713 5817949.759607 1392472.00
392433.107942 5818079.469545 1392508.00
392134.930928 5818240.874164 1392565.00
392312.771310 5818607.336641 1392598.00
392548.423848 5819035.020111 1392700.00
392847.394736 5818905.316324 1392732.00
392529.509508 5819035.434989 1392764.00
392267.725342 5819134.457352 1392796.00
392041.679954 5819200.106108 1392822.00
391647.677470 5819240.499438 1392870.00
391460.285304 5819105.190596 1392904.00
