393297.703956 5817071.706125 1392200.00
393454.704369 5817346.295284 1392232.00
393496.439581 5817531.026112 1392267.00
393462.770692 5817717.395701 1392299.00
393841.777204 5817801.537952 1392331.00
394201.324868 5817855.340497 1392366.00
394505.728537 5817972.838395 1392398.00
394702.176260 5818338.981015 1392432.00
394745.637629 5818445.807012 1392443.00
394880.498156 5818737.213593 1392477.00
394982.753794 5819106.293478 1392513.00
395044.513655 5819352.183250 1392547.00
395104.409611 5819504.842643 1392579.00
