391193.417657 5820857.952740 1469687.00
391079.564889 5820829.694721 1469720.00
390983.365840 5820738.561777 1469752.00
390961.716882 5820615.886111 1469802.00
390922.487274 5820509.902382 1469819.00
390806.658617 5820492.561264 1469838.00
390619.152221 5820468.673206 1469873.00
390614.990387 5820572.907118 1469917.00
390753.042372 5820558.958350 1469949.00
390927.090063 5820567.756438 1469977.00
390983.365840 5820738.561777 1470010.00
391117.241848 5820828.856730 1470043.00
391231.094394 5820857.115623 1470075.00
391117.241848 5820828.856730 1470139.00
390982.680675 5820707.787606 1470172.00
390942.261192 5820585.529958 1470206.00
390732.191588 5820466.149583 1470248.00
390617.090053 5820376.350794 1470281.00
