391481.184542 5818533.315945 2457963.00
391705.449837 5818435.986871 2458006.00
391928.887043 5818306.991988 2458038.00
392227.730356 5818176.348805 2458101.00
392354.069635 5818122.860706 2458112.00
392507.828925 5818047.041087 2458145.00
392713.890878 5817980.947877 2458177.00
392793.327642 5818163.942890 2458209.00
393035.742454 5818035.490356 2458239.00
393132.741530 5818156.529482 2458271.00
393231.096687 5818340.024019 2458302.00
393416.229580 5818182.049932 2458335.00
393520.091812 5818136.325628 2458353.00
393713.920388 5817989.946654 2458387.00
393917.843279 5817830.679587 2458419.00
