392457.148514 5820891.611167 2673547.00
392139.562446 5821022.659376 2673582.00
392277.609488 5821297.628159 2673614.00
392336.895573 5821419.480641 2673646.00
392325.476645 5821760.223855 2673678.00
392314.040743 5822100.062156 2673711.00
392320.851760 5822409.615551 2673743.00
392340.098863 5822631.961174 2673766.00
392302.088406 5822410.028439 2673799.00
391886.959322 5822388.392474 2673850.00
391601.657247 5822270.640521 2673881.00
391867.495896 5822357.127609 2673939.00
392189.094392 5822412.516400 2673971.00
392451.374635 5822344.261441 2674004.00
392692.180108 5822290.980602 2674025.00
