392576.218390 5820302.193854 1389590.00
392809.060001 5820605.887469 1389623.00
392550.057696 5820827.993172 1389655.00
392430.181950 5820914.842603 1389678.00
392139.562446 5821022.659376 1389711.00
391802.524538 5821122.463815 1389743.00
391312.616516 5821133.315205 1389833.00
391179.318408 5821074.697423 1389866.00
390932.284747 5820986.920465 1389899.00
390609.909184 5820901.743931 1389932.00
390599.555808 5820438.321468 1389997.00
390629.534577 5820309.060438 1390008.00
390647.932366 5820019.771888 1390038.00
390660.428053 5819787.666419 1390071.00
