390689.852134 5819416.630892 1445055.00
390709.443305 5819279.452526 1445067.00
390716.650911 5819144.361683 1445087.00
390717.202766 5818952.368418 1445119.00
390749.925247 5818759.657782 1445138.00
390937.989334 5818700.228318 1445171.00
391278.595410 5818754.237181 1445206.00
391369.465314 5818597.369911 1445237.00
391686.533141 5818436.404973 1445269.00
391966.583328 5818306.160786 1445300.00
392190.730031 5818208.857240 1445332.00
392334.230406 5818043.607376 1445353.00
392315.260893 5817865.629128 1445386.00
392198.080870 5817682.565590 1445421.00
