391697.341811 5820817.802203 2618317.00
391617.874474 5820446.466938 2618387.00
391741.662588 5820268.048966 2618411.00
391685.727276 5820105.378347 2618448.00
391867.355329 5819962.813385 2618484.00
392023.340625 5819752.903559 2618512.00
392395.153245 5819578.097945 2618572.00
392634.636849 5819527.564944 2618608.00
392609.770934 5819250.103468 2618641.00
392417.113443 5819068.690876 2618673.00
392118.321206 5819199.323309 2618712.00
392014.580995 5819198.892237 2618725.00
391880.307143 5819116.730908 2618742.00
391818.350979 5819025.731164 2618763.00
