394440.532540 5817659.112620 1445078.00
394357.064520 5817812.137024 1445110.00
394042.417657 5818090.593581 1445181.00
393797.742827 5818294.205162 1445214.00
393652.649453 5818400.584610 1445241.00
393348.516191 5818625.432814 1445274.00
393045.613080 5818829.446297 1445307.00
392864.238602 5818904.947967 1445341.00
392617.668468 5819011.768488 1445373.00
392594.922262 5819265.823501 1445404.00
392651.279423 5819511.805699 1445437.00
392655.515907 5819793.341681 1445477.00
392609.687263 5819939.235820 1445509.00
392485.743310 5820131.217214 1445541.00
392537.422256 5820233.316869 1445559.00
