394486.650935 5817978.682358 2403881.00
394259.290688 5817916.572216 2403916.00
394144.844610 5817856.560063 2403947.00
393993.380880 5817829.045182 2403979.00
393860.696250 5817801.128202 2404011.00
393614.241373 5817744.894264 2404043.00
393350.200247 5817750.632659 2404075.00
393068.049508 5817787.569177 2404112.00
392968.425801 5817850.415882 2404126.00
392769.141534 5817917.255332 2404160.00
392619.713139 5817983.010460 2404192.00
392344.526164 5818147.520433 2404248.00
392134.930928 5818240.874164 2404282.00
