391378.407519 5819648.534209 1269959.00
391497.036677 5819673.071952 1269975.00
391604.794907 5819686.986279 1269992.00
391677.824425 5819579.419566 1270010.00
391736.109984 5819485.763381 1270020.00
391796.176316 5819403.840972 1270040.00
391872.297022 5819317.037186 1270050.00
391951.672233 5819221.107268 1270062.00
392040.112030 5819160.295927 1270078.00
392215.563519 5819249.705391 1270098.00
392300.013519 5819145.519700 1270114.00
392396.961085 5819094.489130 1270126.00
392690.442433 5818973.046087 1270201.00
