390743.219233 5820960.346348 1392327.00
390914.221697 5821019.017906 1392361.00
391092.258088 5821077.538831 1392387.00
391126.178801 5821230.731482 1392419.00
391112.202402 5821446.568335 1392452.00
391357.843873 5821472.805622 1392484.00
391642.496421 5821558.864538 1392516.00
391793.861869 5821586.305605 1392548.00
391984.953528 5821706.147864 1392584.00
392244.698001 5821514.782314 1392616.00
392200.907755 5821237.738134 1392649.00
392102.565283 5821054.263780 1392682.00
392490.326866 5820874.582418 1392743.00
