395184.830586 5818854.752925 2673897.00
394941.744959 5818952.324783 2673928.00
394863.041592 5818799.165122 2673959.00
394742.535685 5818462.173425 2673991.00
394583.773629 5818094.313052 2674025.00
394505.344717 5818006.351802 2674052.00
394240.510206 5817916.977452 2674085.00
394050.526747 5817858.598100 2674117.00
393709.228932 5817773.622061 2674148.00
393500.471361 5817716.576358 2674180.00
393347.576408 5817750.689755 2674208.00
393068.049508 5817787.569177 2674242.00
392936.840234 5817821.222469 2674274.00
