391358.111037 5817237.463537 1273334.00
391286.817056 5817424.684773 1273365.00
391328.634023 5817609.398186 1273398.00
391385.613409 5817724.047419 1273423.00
391506.575875 5817976.737260 1273455.00
391580.253810 5818084.679928 1273466.00
391722.168465 5818342.344426 1273531.00
391837.993711 5818463.848519 1273565.00
391754.789893 5818655.854073 1273583.00
391714.311598 5818836.955646 1273617.00
391543.348118 5819076.184075 1273650.00
391666.591063 5819240.081145 1273686.00
391781.697977 5819329.904545 1273717.00
