392249.657147 5819600.313127 2621534.00
392633.287804 5819466.016513 2621570.00
392530.859667 5819096.983371 2621601.00
392372.643043 5818760.871797 2621632.00
392321.277986 5818636.127588 2621650.00
392155.064800 5818302.009125 2621681.00
392283.668864 5818144.329922 2621717.00
392600.794741 5817983.425009 2621750.00
392899.812807 5817852.820319 2621782.00
393142.246051 5817724.373340 2621813.00
393270.283036 5817684.455893 2621828.00
393533.473247 5817499.432863 2621861.00
393961.774141 5817242.934193 2621929.00
