391190.166259 5818168.487492 2674248.00
391456.932991 5818286.633928 2674313.00
391630.918569 5818226.638310 2674331.00
391741.765397 5818372.700582 2674365.00
391984.822182 5818274.969645 2674399.00
392255.761649 5818175.732423 2674435.00
392349.531564 5818117.527042 2674444.00
392488.373737 5818016.678897 2674477.00
392619.038861 5817952.236310 2674509.00
392899.140315 5817822.046159 2674580.00
393198.037670 5817691.462935 2674612.00
393519.252654 5817716.168295 2674652.00
393878.810864 5817769.947301 2674685.00
394200.660545 5817824.566262 2674717.00
394517.402597 5817988.886911 2674783.00
394738.152462 5818412.462673 2674892.00
