393967.426194 5821600.319696 1358205.00
394257.935254 5821346.820026 1358238.00
394439.643823 5821034.105978 1358269.00
394527.888505 5820945.271451 1358281.00
394640.946374 5820751.766604 1358313.00
394730.557826 5820533.413403 1358346.00
394819.378763 5820284.290600 1358379.00
394890.896023 5820097.118236 1358411.00
394997.325741 5819786.044515 1358446.00
395050.467326 5819630.057558 1358477.00
395045.832366 5819413.731946 1358510.00
394966.479096 5819229.796296 1358542.00
394951.136313 5819113.310142 1358561.00
394842.805475 5818738.022419 1358595.00
394723.096143 5818431.802546 1358659.00
394604.034685 5818156.359814 1358692.00
394508.658855 5818006.280463 1358722.00
394278.209263 5817916.164072 1358758.00
