393663.765209 5821761.756735 1392466.00
393508.381009 5821548.706782 1392497.00
393190.141282 5821648.912789 1392572.00
392984.903309 5821745.762529 1392608.00
393077.034549 5821994.589173 1392636.00
393307.848219 5821861.868615 1392668.00
393587.088112 5821701.845267 1392699.00
393527.816968 5821579.072915 1392730.00
393391.188669 5821365.618462 1392768.00
393177.995434 5821092.259523 1392801.00
393449.795751 5821457.614842 1392868.00
393572.918457 5821608.881050 1392892.00
393701.434738 5821760.938539 1392926.00
