391058.616843 5819037.132792 1442326.00
391379.739691 5819060.791875 1442357.00
391607.945664 5819149.010757 1442390.00
391838.999118 5819360.333768 1442422.00
391979.893856 5819216.862649 1442442.00
392156.688066 5819229.267650 1442475.00
392286.639313 5819134.041459 1442507.00
392491.818883 5819036.261933 1442539.00
392884.413519 5818873.717925 1442614.00
393013.621182 5818831.955892 1442625.00
393275.534974 5818648.755181 1442660.00
393609.411793 5818394.278767 1442734.00
393719.279400 5818237.045537 1442767.00
393621.609007 5818084.315648 1442799.00
393543.539429 5817962.856013 1442832.00
