390584.322708 5820770.101812 2500019.00
390779.331685 5820722.280534 2500052.00
390927.200376 5820671.894713 2500085.00
391147.490840 5820574.624474 2500117.00
391308.017217 5820503.141002 2500150.00
391121.270279 5820581.546415 2500182.00
390988.137753 5820698.610399 2500214.00
391094.605153 5820823.021167 2500246.00
391280.570297 5820877.750459 2500278.00
391494.744839 5820934.578126 2500314.00
391675.052229 5820902.513015 2500347.00
391688.433500 5820652.280528 2500390.00
391630.434138 5820502.334117 2500423.00
