391740.939492 5820041.673553 1390128.00
392105.816740 5820343.324325 1390204.00
392203.336436 5820495.122423 1390237.00
392216.957181 5820737.513549 1390267.00
392171.279104 5820920.537582 1390286.00
392122.828024 5821115.395658 1390319.00
392317.313501 5821389.122177 1390354.00
392432.379659 5821479.865463 1390386.00
392588.489128 5821723.656169 1390417.00
392782.389597 5821966.623427 1390454.00
392886.561123 5822128.249152 1390478.00
392583.271710 5822341.364649 1390565.00
392320.851760 5822409.615551 1390604.00
392347.897325 5822779.396797 1390636.00
