392769.141534 5817917.255332 1476607.00
393030.349343 5817788.391854 1476640.00
393284.841631 5817724.888736 1476667.00
393614.241373 5817744.894264 1476700.00
394012.161711 5817828.639003 1476737.00
394276.862033 5817853.710457 1476769.00
394480.145768 5817663.692899 1476801.00
394739.564749 5817442.595672 1476832.00
394499.065308 5817663.285621 1476864.00
394258.607187 5817884.892842 1476895.00
393936.762202 5817830.270129 1476972.00
393576.540933 5817745.712735 1477003.00
393350.950044 5817746.994136 1477022.00
