392414.719107 5820676.113919 2676797.00
392443.627195 5820910.924976 2676818.00
392120.793765 5821023.072891 2676852.00
391708.949655 5821155.321982 2676890.00
391539.345924 5821159.076410 2676926.00
391431.120278 5821377.906281 2676959.00
391378.659453 5821564.711843 2676990.00
391326.341010 5821751.515016 2677023.00
391273.888967 5821938.321914 2677054.00
391220.875187 5822093.447032 2677087.00
391149.529660 5822280.675620 2677119.00
391022.585689 5822499.932801 2677151.00
390969.740895 5822686.752617 2677172.00
