391734.918192 5822329.269415 1478065.00
391449.628866 5822212.431367 1478098.00
391220.875187 5822093.447032 1478159.00
391361.258786 5821626.676762 1478238.00
391413.580161 5821439.874041 1478271.00
391520.577737 5821159.492232 1478304.00
391330.701749 5821102.124379 1478335.00
391122.052451 5821045.181168 1478367.00
390949.820791 5820924.950964 1478399.00
391001.450622 5820707.369744 1478431.00
390896.739317 5820674.384476 1478450.00
390696.089387 5820760.360970 1478477.00
390831.144941 5820680.374319 1478511.00
