390069.080174 5821161.079630 1478336.00
390261.677405 5821259.089005 1478354.00
390548.377956 5821521.626727 1478421.00
390704.717955 5821653.969824 1478443.00
390934.167496 5821914.185075 1478476.00
391182.385784 5822063.513181 1478508.00
391273.888967 5821938.321914 1478539.00
391361.258786 5821626.676762 1478572.00
391394.813043 5821440.290360 1478616.00
391539.345924 5821159.076410 1478648.00
391665.126917 5820878.282307 1478710.00
391658.297885 5820569.635066 1478749.00
391485.925987 5820449.389085 1478785.00
391241.621525 5820485.598229 1478818.00
390999.395499 5820615.047235 1478850.00
