390818.356837 5819648.307833 2623826.00
390937.633099 5819534.265498 2623858.00
391239.950062 5819558.333073 2623891.00
391506.075921 5819638.460203 2623918.00
391691.510529 5819517.538511 2623951.00
391795.891637 5819440.975395 2623978.00
391860.691451 5819354.421465 2623989.00
392013.117419 5819182.624384 2624015.00
392195.054465 5819259.212288 2624048.00
392417.113443 5819068.690876 2624079.00
392679.061815 5818970.578694 2624111.00
392866.171506 5818904.905700 2624142.00
392926.813445 5819088.313489 2624173.00
