392854.337601 5821810.196937 1268272.00
392607.393084 5821723.241386 1268334.00
392337.592293 5821451.160045 1268397.00
392170.032749 5821547.215644 1268466.00
391847.017969 5821430.278938 1268528.00
391471.542101 5821501.072982 1268590.00
391149.874611 5821445.730534 1268652.00
391107.410867 5821231.148893 1268721.00
390837.340205 5820958.246950 1268782.00
390609.909184 5820901.743931 1268844.00
390584.105187 5820593.519767 1268907.00
390430.615312 5820472.888132 1268973.00
390071.206943 5820419.363949 1269035.00
