391141.487389 5819067.891176 2403242.00
391455.120776 5819059.121159 2403281.00
391781.697977 5819329.904545 2403352.00
391967.548657 5819220.757128 2403377.00
392186.908012 5818889.017093 2403411.00
392353.189586 5818730.510138 2403443.00
392315.040155 5818610.003449 2403458.00
392135.608308 5818271.648310 2403497.00
392017.074114 5818027.040761 2403551.00
392322.700296 5817877.237938 2403580.00
392576.598546 5817736.738330 2403616.00
392666.717827 5817549.125015 2403648.00
392701.705467 5817424.297907 2403679.00
392828.350199 5817137.183273 2403706.00
