390807.738020 5819630.433112 1390728.00
390876.613248 5819771.072793 1390754.00
390644.423191 5819912.087119 1390804.00
390636.156087 5820049.013164 1390823.00
390614.619629 5820401.762029 1390852.00
390586.855773 5820716.616347 1390888.00
390761.301619 5820929.153388 1390948.00
390932.284747 5820986.920465 1390979.00
391112.320316 5821060.792316 1390998.00
391463.314937 5821129.972034 1391033.00
391694.716151 5820749.037198 1391093.00
391619.236708 5820508.015333 1391126.00
391629.493855 5820971.438739 1391203.00
