392819.010000 5817607.370222 1392309.00
392688.333000 5817671.807296 1392341.00
392877.511111 5817698.457867 1392374.00
393122.635882 5817693.106561 1392406.00
393282.336310 5817717.698865 1392435.00
393670.861085 5817743.665603 1392468.00
394049.861477 5817827.823874 1392501.00
394315.225187 5817883.671605 1392532.00
394499.156972 5817982.035304 1392561.00
394682.736016 5818308.610293 1392596.00
394735.882923 5818416.133604 1392606.00
394747.963508 5818451.190313 1392609.00
394881.818663 5818798.762228 1392642.00
