391564.871881 5818513.351971 2672346.00
391742.445275 5818403.474699 2672379.00
392078.316731 5818242.120645 2672412.00
392339.608099 5818112.311689 2672445.00
392507.828925 5818047.041087 2672478.00
392657.411848 5817982.184604 2672511.00
392825.759380 5817916.016882 2672543.00
392974.540156 5817820.399069 2672576.00
393161.027325 5817723.963904 2672608.00
393298.217551 5817717.353100 2672636.00
393633.022545 5817744.486636 2672670.00
393936.096224 5817799.495911 2672708.00
394106.480167 5817826.600234 2672742.00
394350.934369 5817790.536074 2672775.00
394499.065308 5817663.285621 2672808.00
394606.855263 5817413.753311 2672840.00
