391509.890812 5818550.791579 2674927.00
391752.394502 5818428.610668 2674960.00
392060.554171 5818288.695457 2674991.00
392347.541981 5818133.870804 2675024.00
392715.348605 5817959.182621 2675058.00
392879.633226 5817884.050198 2675090.00
393163.493399 5817748.360067 2675159.00
393311.908749 5817724.299476 2675174.00
393714.694585 5817764.448039 2675207.00
394110.678047 5817848.242662 2675240.00
394305.247839 5817863.059212 2675272.00
394438.381275 5817738.846889 2675305.00
394576.949993 5817603.654985 2675338.00
