392518.952655 5820272.661301 2403834.00
392550.517543 5819993.056049 2403884.00
392640.052971 5819774.663853 2403915.00
392635.311376 5819558.339161 2403945.00
392570.732266 5819189.381416 2403977.00
392431.973678 5818883.630472 2404009.00
392334.022708 5818650.336484 2404036.00
392174.659147 5818332.366978 2404070.00
392096.556542 5818210.929934 2404102.00
392147.595105 5817962.588565 2404133.00
392313.824772 5817888.299640 2404149.00
392538.897941 5817737.564783 2404183.00
392649.283870 5817611.084607 2404215.00
392719.952496 5817393.109632 2404246.00
392846.126618 5817122.305819 2404274.00
