390970.652202 5820948.937483 1477516.00
391002.840865 5820769.823222 1477549.00
390962.402157 5820646.660277 1477583.00
390813.061111 5820711.566993 1477614.00
390700.714382 5820744.862978 1477646.00
390813.747342 5820742.341154 1477694.00
391003.525917 5820800.597397 1477726.00
391154.918810 5820828.019029 1477758.00
391301.746020 5820879.997007 1477784.00
391515.102692 5820912.393375 1477817.00
391629.493855 5820971.438739 1477850.00
391556.888832 5821097.109159 1477882.00
391535.647046 5821179.080855 1477940.00
