393553.404692 5821022.505227 2413173.00
393269.429835 5820967.109624 2413205.00
393080.359647 5820939.540307 2413237.00
392704.156861 5820979.464731 2413268.00
392577.228038 5820965.042309 2413286.00
392423.161027 5820903.224544 2413313.00
392158.469132 5821022.242894 2413351.00
391719.878175 5821175.002738 2413405.00
391500.989547 5821129.136966 2413438.00
391293.710217 5821133.734960 2413469.00
390932.284747 5820986.920465 2413501.00
390609.909184 5820901.743931 2413533.00
390483.952905 5820881.920265 2413552.00
390372.108198 5820888.045502 2413564.00
390159.725121 5821004.191398 2413597.00
