391869.443991 5819957.333887 1392414.00
392023.180998 5819745.662569 1392445.00
392327.433761 5819588.641678 1392511.00
392634.636849 5819527.564944 1392547.00
392569.382567 5819127.833021 1392629.00
392660.147232 5818970.993064 1392662.00
392959.105069 5818840.391072 1392693.00
393219.596325 5818680.762757 1392725.00
393349.562655 5818584.660159 1392757.00
393534.020907 5818395.916202 1392790.00
393415.540572 5818150.370607 1392822.00
393317.878644 5817998.551781 1392856.00
393199.398569 5817753.916412 1392888.00
392972.524118 5817728.076583 1392920.00
