390666.019464 5817500.071121 2676207.00
390639.199390 5817753.323151 2676228.00
390632.171432 5817896.559910 2676241.00
390567.402859 5818151.565261 2676275.00
390515.620565 5818369.153249 2676308.00
390463.155451 5818555.967849 2676340.00
390428.213681 5818679.906855 2676370.00
390340.288480 5818960.790269 2676402.00
390458.199707 5819174.584291 2676434.00
390483.875882 5819482.810456 2676466.00
390468.562187 5819638.005820 2676498.00
390660.428053 5819787.666419 2676530.00
390645.797416 5819973.635368 2676562.00
