392220.353118 5821268.099181 2500514.00
392102.565283 5821054.263780 2500546.00
392344.796140 5820924.869352 2500577.00
392462.293864 5820780.114026 2500595.00
392261.298689 5820556.330657 2500627.00
392407.937755 5820367.466328 2500659.00
392494.904618 5820202.555408 2500682.00
392605.087048 5819899.492054 2500718.00
392636.005744 5819590.018502 2500749.00
392570.057416 5819158.607218 2500786.00
392716.752927 5818969.753197 2500818.00
393014.902174 5818808.383485 2500849.00
393275.534974 5818648.755181 2500882.00
393442.528254 5818521.060008 2500916.00
