393834.682077 5821819.624404 2543104.00
393932.360546 5821753.212434 2543114.00
393943.002309 5821600.848804 2543142.00
394051.236058 5821658.271499 2543165.00
394123.016863 5821734.595912 2543180.00
394023.027444 5821815.542876 2543194.00
393930.139168 5821880.038145 2543207.00
393854.321673 5821961.370560 2543219.00
393896.473447 5822065.500945 2543239.00
394008.702860 5822091.141413 2543257.00
394107.836939 5822021.984609 2543268.00
394195.640040 5821952.169303 2543281.00
394310.275904 5821865.476246 2543299.00
394399.192421 5821776.624180 2543313.00
