392200.230129 5821206.963871 1477306.00
392023.801709 5820901.148584 1477338.00
391829.281631 5820627.433456 1477372.00
391718.149934 5820722.257488 1477404.00
391658.978774 5820600.409271 1477435.00
391505.516746 5820479.744298 1477467.00
391186.558948 5820549.305783 1477498.00
390981.310355 5820646.239268 1477530.00
390975.887263 5820929.803895 1477590.00
391091.654068 5821050.385135 1477616.00
391330.701749 5821102.124379 1477650.00
391519.895854 5821128.718012 1477682.00
391533.841184 5821147.425970 1477686.00
