391452.637229 5821501.492142 2658491.00
391089.874170 5821293.117845 2658555.00
391027.248262 5821016.500929 2658616.00
391004.210971 5820831.371573 2658699.00
390922.667251 5820555.176954 2658760.00
390860.572633 5820309.339444 2658823.00
390777.620985 5819970.693828 2658886.00
390791.708513 5819753.948141 2659002.00
390451.714897 5819730.751059 2659063.00
390164.844270 5819551.532589 2659125.00
390216.595610 5819333.940164 2659209.00
390322.062668 5818991.987727 2659270.00
390409.435934 5818680.326812 2659330.00
390480.696108 5818493.996919 2659392.00
390549.172328 5818182.761781 2659456.00
390523.360112 5817874.538894 2659518.00
