391698.699412 5820691.898391 2671634.00
391866.280484 5820595.827037 2671665.00
392071.527491 5820498.025768 2671711.00
392352.162679 5820399.481174 2671757.00
392477.338197 5820333.341843 2671772.00
392479.224738 5820180.260604 2671808.00
392622.648706 5819837.528965 2671875.00
392654.917938 5819589.604008 2671908.00
392550.468586 5819128.247822 2671968.00
392489.792952 5818943.939376 2672001.00
392312.771310 5818607.336641 2672032.00
392135.608308 5818271.648310 2672066.00
392147.595105 5817962.588565 2672134.00
392298.121918 5817890.455817 2672148.00
392576.598546 5817736.738330 2672187.00
392648.609860 5817580.310471 2672227.00
392702.379110 5817455.072039 2672259.00
392845.236322 5817081.575349 2672293.00
