391722.729381 5820073.770906 1476711.00
391853.987789 5819970.353055 1476730.00
391980.360173 5819789.168221 1476764.00
392352.593020 5819564.544114 1476847.00
392634.636849 5819527.564944 1476879.00
392590.182689 5819219.743917 1476912.00
392470.340897 5818913.577263 1476944.00
392328.043527 5818635.978913 1476972.00
392154.387535 5818271.234989 1477007.00
392056.128220 5818087.758507 1477042.00
391918.667098 5817843.570012 1477073.00
391741.452043 5817507.895594 1477105.00
391564.193814 5817171.322313 1477138.00
