390636.136133 5820301.668420 2540159.00
390754.279372 5820323.481921 2540174.00
390880.692240 5820363.225376 2540200.00
390906.731094 5820465.880376 2540210.00
390960.966333 5820613.186106 2540239.00
391003.525917 5820800.597397 2540270.00
390958.473419 5820960.075557 2540290.00
391101.326081 5821075.525978 2540316.00
391072.475955 5821355.083812 2540367.00
391165.157376 5821456.257589 2540391.00
391021.398605 5821603.441802 2540423.00
391250.317629 5821722.414025 2540456.00
391401.680700 5821749.842937 2540487.00
391594.139521 5821931.218471 2540518.00
391691.103613 5822052.229198 2540552.00
