390914.963863 5822749.552520 1478072.00
390980.543969 5822614.065984 1478106.00
391039.978379 5822437.966495 1478143.00
391130.081171 5822250.318749 1478174.00
391183.754210 5822125.061662 1478205.00
391309.487176 5821844.257455 1478236.00
391343.740707 5821689.549950 1478267.00
391448.522884 5821315.941644 1478299.00
391708.268957 5821124.547751 1478332.00
391914.869062 5821089.193073 1478366.00
392120.115684 5820992.298642 1478398.00
392190.516440 5820815.974119 1478415.00
392109.904886 5820528.874806 1478450.00
