390436.901968 5820500.820289 2456800.00
390593.966611 5820528.098121 2456834.00
390689.466469 5820581.205326 2456881.00
390910.022395 5820582.625785 2456915.00
391006.221674 5820748.014253 2456947.00
391142.009011 5820837.361734 2456979.00
391290.469448 5820882.058509 2457010.00
391497.927983 5820853.912001 2457052.00
391679.779323 5820772.912357 2457089.00
391732.123697 5820586.113531 2457137.00
391878.217454 5820623.635970 2457169.00
392003.066857 5820562.019102 2457202.00
392100.162191 5820519.128264 2457262.00
