390537.823208 5819498.810519 1386149.00
390654.225120 5819509.794326 1386182.00
390804.973780 5819506.431544 1386214.00
390820.436788 5819351.234318 1386246.00
390949.674924 5819225.198190 1386350.00
390938.318284 5819565.039618 1386436.00
390841.939080 5819640.537670 1386518.00
390726.086410 5819616.859276 1386536.00
390677.965870 5819725.696061 1386619.00
390775.601299 5819762.457441 1386635.00
390894.736913 5819772.480195 1386663.00
390752.524455 5819792.855949 1386700.00
390645.797416 5819973.635368 1386733.00
