392857.456116 5818935.885207 1534225.00
392710.668227 5818691.880339 1534264.00
392571.886349 5818385.220461 1534296.00
392472.156403 5818140.190540 1534327.00
392283.668864 5818144.329922 1534359.00
392097.234157 5818241.704065 1534390.00
391850.078732 5818153.879549 1534421.00
391692.468038 5817848.563513 1534452.00
391594.045459 5817665.099126 1534484.00
391386.619537 5817669.691269 1534516.00
391122.710900 5817675.546563 1534548.00
390895.680478 5817649.805738 1534581.00
390792.728956 5817636.703861 1534598.00
