390901.934413 5820455.120386 2540046.00
391002.840865 5820769.823222 2540082.00
390973.316344 5820913.560849 2540102.00
391118.260301 5821073.338208 2540123.00
391089.874170 5821293.117845 2540158.00
391187.546823 5821444.893022 2540190.00
391040.988106 5821633.795184 2540222.00
391138.538280 5821786.477582 2540254.00
391030.345679 5822005.316917 2540287.00
390957.752382 5822130.091669 2540318.00
390830.674559 5822349.356914 2540351.00
390910.827464 5822564.001896 2540383.00
390966.389549 5822685.016146 2540412.00
