393235.738564 5817690.641557 1476403.00
393538.172039 5817715.757304 1476434.00
393878.810864 5817769.947301 1476465.00
394163.625329 5817856.154463 1476497.00
394313.897962 5817822.123122 1476528.00
394480.145768 5817663.692899 1476560.00
394719.963954 5817411.322643 1476592.00
394554.361728 5817600.518703 1476623.00
394350.934369 5817790.536074 1476654.00
394240.510206 5817916.977452 1476685.00
394012.161711 5817828.639003 1476717.00
393746.929144 5817772.804608 1476749.00
393406.819932 5817749.400947 1476781.00
