390790.336219 5819692.399905 2404386.00
390823.063272 5819555.834708 2404412.00
390821.142841 5819382.913552 2404450.00
390840.655772 5819279.243692 2404461.00
390855.393511 5819128.590709 2404479.00
390868.106619 5818949.004724 2404522.00
390880.970157 5818751.304131 2404545.00
390933.859261 5818514.678712 2404578.00
391043.502197 5818357.387436 2404610.00
391038.692339 5818141.063814 2404643.00
390997.572346 5817988.031836 2404674.00
391034.767438 5817827.824952 2404689.00
391084.871580 5817676.387263 2404723.00
391062.670236 5817522.934430 2404754.00
391080.992490 5817414.764926 2404773.00
