392657.411848 5817982.184604 2676867.00
392452.025978 5818079.054344 2676899.00
392171.950567 5818209.270419 2676955.00
392233.861313 5818455.126336 2676986.00
392352.513470 5818699.735972 2677018.00
392510.058028 5819005.072722 2677050.00
392640.697887 5819426.009520 2677126.00
392668.468565 5819609.229365 2677152.00
392659.658715 5819805.928717 2677184.00
392551.192700 5820023.830281 2677216.00
392546.811073 5820252.127623 2677238.00
392297.604012 5820493.048175 2677273.00
392127.977601 5820496.781912 2677306.00
392188.651102 5820681.086214 2677337.00
392174.689433 5820918.651354 2677359.00
