392558.945666 5822094.679813 2499452.00
392589.839729 5821785.204785 2499518.00
392700.287738 5821659.625989 2499550.00
392867.695273 5821562.686489 2499582.00
392805.846922 5821316.822393 2499614.00
392610.036764 5820981.528245 2499646.00
392539.401640 5820889.805213 2499659.00
392158.469132 5821022.242894 2499733.00
391690.724280 5821186.514439 2499812.00
391425.640329 5821130.807392 2499843.00
391122.736815 5821075.955373 2499876.00
390837.340205 5820958.246950 2499908.00
390514.960914 5820873.076624 2499940.00
390353.030109 5820899.339616 2499956.00
390140.956270 5821004.612503 2499989.00
390068.389171 5821130.305494 2500022.00
