394205.008846 5819772.305696 1357885.00
394318.201257 5819769.862083 1357910.00
394401.477530 5819859.526332 1357924.00
394474.909829 5819953.931730 1357934.00
394531.382553 5820043.270060 1357946.00
394600.808563 5820131.424647 1357956.00
394563.553723 5820235.458999 1357968.00
394518.586116 5820359.581884 1357980.00
394464.658519 5820445.865332 1357990.00
394429.652349 5820570.680104 1358004.00
394544.013756 5820629.793162 1358033.00
394641.608565 5820782.540987 1358075.00
394562.454819 5820921.888217 1358098.00
