392876.783081 5817026.552688 2676382.00
392826.576114 5817163.483125 2676394.00
392702.379110 5817455.072039 2676427.00
392633.080410 5817735.500707 2676459.00
392674.824500 5817919.319862 2676492.00
392872.916697 5818347.841277 2676576.00
393157.737611 5818434.894981 2676607.00
393333.346134 5818709.073920 2676638.00
393386.420993 5818805.718482 2676648.00
393600.008856 5818826.430923 2676680.00
393729.997908 5818731.243550 2676712.00
393864.540039 5818852.387615 2676743.00
394076.572073 5819063.319631 2676775.00
394262.504717 5818936.148634 2676807.00
