394506.390977 5818003.612653 2271739.00
394184.557021 5817948.973795 2271775.00
393944.127301 5818170.596877 2271808.00
393646.419676 5818361.781137 2271839.00
393387.256670 5818583.839859 2271874.00
393182.573944 5818712.358570 2271905.00
393017.053359 5818837.314277 2271922.00
392866.171506 5818904.905700 2271955.00
392660.147232 5818970.993064 2271999.00
392510.733222 5819035.846910 2272030.00
392246.760890 5819041.645659 2272062.00
392114.235149 5819013.773163 2272094.00
392011.236390 5818997.025589 2272110.00
391769.421321 5818774.159637 2272143.00
