392315.159269 5820431.083854 1392129.00
392498.134660 5820179.845476 1392161.00
392586.988996 5819930.677970 1392195.00
392655.592350 5819620.378229 1392227.00
392589.507954 5819188.969717 1392290.00
392470.340897 5818913.577263 1392322.00
392371.967043 5818730.097628 1392355.00
392310.245031 5818599.242126 1392379.00
392097.234157 5818241.704065 1392417.00
392017.752187 5818057.814879 1392448.00
391899.069360 5817813.213159 1392481.00
391688.367663 5817663.013859 1392513.00
391235.814587 5817673.035411 1392552.00
391103.309850 5817704.050123 1392567.00
