393864.093422 5817090.199535 1391059.00
393639.863837 5817187.425327 1391094.00
393454.035470 5817315.521113 1391126.00
393236.452807 5817425.299251 1391178.00
392968.472344 5817542.526516 1391214.00
392837.791745 5817606.959553 1391245.00
392688.333000 5817671.807296 1391277.00
393029.006029 5817726.843525 1391350.00
393406.150645 5817718.626762 1391385.00
393746.261987 5817742.030403 1391417.00
394031.080644 5817828.229909 1391449.00
394220.243681 5817854.932133 1391480.00
394371.041848 5817851.679753 1391512.00
394525.971527 5818033.979720 1391544.00
394604.034685 5818156.359814 1391576.00
394742.535685 5818462.173425 1391607.00
394840.824023 5818645.699499 1391639.00
