393211.709595 5822637.312834 1476673.00
393025.948585 5822764.526509 1476707.00
392927.822715 5822581.938068 1476738.00
392739.368343 5822586.065146 1476776.00
392590.741732 5822681.692649 1476813.00
392484.937793 5822634.210133 1476834.00
392320.851760 5822409.615551 1476870.00
392305.474684 5822563.900062 1476902.00
392301.411157 5822379.254121 1476934.00
392293.921759 5822038.926447 1476965.00
392304.571317 5821889.273930 1476978.00
392324.785031 5821571.881732 1477004.00
392258.703872 5821298.044195 1477040.00
