395184.200223 5817061.796481 1539594.00
394923.441017 5817222.226189 1539626.00
394820.779060 5817357.542479 1539640.00
394480.145768 5817663.692899 1539684.00
394276.862033 5817853.710457 1539716.00
394147.522895 5817980.562136 1539748.00
393850.482027 5818203.413085 1539780.00
393652.413729 5818389.723112 1539802.00
393548.849506 5818468.038159 1539813.00
393255.258611 5818586.713682 1539848.00
393025.063638 5818407.000744 1539880.00
392845.722436 5818449.858107 1539901.00
392784.014757 5818597.002492 1539937.00
