390747.018449 5818784.172979 1392071.00
390733.830990 5818954.714257 1392090.00
390703.252226 5819169.111004 1392135.00
390714.463530 5819300.168662 1392150.00
390700.444184 5819532.307666 1392173.00
390790.336219 5819692.399905 1392210.00
390894.958694 5819782.436527 1392231.00
390908.897166 5819936.978617 1392263.00
390859.866621 5820277.660179 1392295.00
390771.498740 5820333.964681 1392309.00
390618.464829 5820437.899067 1392342.00
390598.887839 5820760.720623 1392369.00
390894.608985 5820987.759895 1392455.00
