392029.098547 5820283.436855 2575920.00
391780.002484 5820103.294232 2575953.00
391373.389174 5819827.042273 2575995.00
391093.874990 5819778.009620 2576028.00
390924.361306 5819781.781659 2576060.00
390909.582622 5819967.752762 2576091.00
390875.347684 5820123.368065 2576124.00
390766.439185 5820311.438233 2576166.00
390600.930833 5820499.869744 2576198.00
390335.795731 5820444.221106 2576230.00
390112.451296 5820411.193643 2576252.00
390039.075624 5820667.307942 2576289.00
390025.026258 5820884.056541 2576321.00
