391319.468587 5821441.962482 2672418.00
391471.542101 5821501.072982 2672450.00
391688.159912 5821582.304305 2672474.00
391865.785102 5821429.864354 2672512.00
392001.121760 5821581.728538 2672543.00
392061.991255 5821712.598596 2672563.00
392131.149944 5821818.836365 2672577.00
392275.019006 5822039.342457 2672610.00
392317.446219 5822254.838842 2672640.00
392437.365896 5822560.999261 2672704.00
392553.754914 5822713.293841 2672735.00
392684.967109 5822679.625317 2672767.00
392748.932928 5822764.251412 2672780.00
392828.331639 5822879.329365 2672799.00
392938.414291 5822845.224819 2672822.00
393104.653655 5822917.657436 2672855.00
393290.390842 5822789.541557 2672888.00
