392734.156423 5818042.082080 2672502.00
392892.368249 5818378.204960 2672582.00
393090.078668 5818398.337413 2672600.00
393312.538718 5818616.254966 2672667.00
393450.598587 5818892.161005 2672700.00
393674.725270 5818794.020173 2672732.00
393822.827227 5818667.653622 2672764.00
394080.127444 5818352.387240 2672797.00
394228.917633 5818256.807586 2672830.00
394527.296181 5818095.528245 2672862.00
394642.393490 5818186.323481 2672895.00
394762.113070 5818492.541424 2672927.00
394900.733808 5818798.356445 2672959.00
395001.529682 5819105.891028 2673001.00
