392302.550332 5822362.023309 2311547.00
392309.079407 5822125.527139 2311598.00
392333.050620 5821690.328811 2311648.00
392291.474554 5821325.395575 2311680.00
392119.878838 5821069.276845 2311716.00
391856.633654 5821096.818019 2311748.00
391732.799671 5821141.210993 2311764.00
391555.838929 5821136.977415 2311797.00
391189.245814 5821098.927179 2311829.00
390904.134599 5820993.886646 2311861.00
390621.508998 5820914.162822 2311893.00
390485.158204 5820886.421180 2311926.00
390368.698497 5820889.933005 2311937.00
390128.337336 5821032.968571 2311970.00
390029.067018 5821143.866688 2312003.00
