391466.746221 5821284.748254 1476195.00
391574.975734 5821065.919257 1476230.00
391681.853801 5820785.544403 1476266.00
391618.555590 5820477.241135 1476313.00
391467.155076 5820449.805077 1476349.00
391148.741825 5820550.146281 1476386.00
390962.402157 5820646.660277 1476420.00
390986.126674 5820862.563607 1476456.00
390949.909258 5820984.716744 1476469.00
391088.241286 5821045.933185 1476485.00
391500.989547 5821129.136966 1476525.00
391665.807832 5820909.056525 1476560.00
391698.809245 5820784.263768 1476575.00
