395096.482291 5819134.645330 1476096.00
394945.723888 5819137.875885 1476127.00
394863.721390 5818830.844560 1476165.00
394743.196744 5818492.947728 1476196.00
394585.117054 5818156.766712 1476228.00
394469.393011 5817966.376317 1476280.00
394183.208584 5817886.520188 1476314.00
393880.143529 5817831.495731 1476347.00
393709.228932 5817773.622061 1476380.00
393350.200247 5817750.632659 1476412.00
393198.727980 5817723.142239 1476448.00
393533.473247 5817499.432863 1476481.00
393493.844443 5817398.872167 1476496.00
393376.600169 5817223.933114 1476531.00
