390032.318333 5819523.716409 1383662.00
390332.437404 5819455.409031 1383724.00
390489.400377 5819729.908347 1383786.00
390848.853196 5819783.463765 1383847.00
390660.428053 5819787.666419 1383913.00
390629.655773 5820098.059244 1383974.00
390468.295083 5820472.045184 1384036.00
390224.687371 5820539.079318 1384098.00
390053.126789 5820450.559467 1384185.00
390233.209218 5820075.233566 1384246.00
390559.124827 5820316.066875 1384307.00
390628.948317 5820066.380002 1384371.00
390659.741073 5819756.892307 1384436.00
390450.338343 5819669.202853 1384497.00
390051.092866 5819523.294964 1384559.00
